[nycbw.jpg]
text=1;139;17;September 5, 2016;Impact;0.194118,0.445455,0.145450,0.000000;v1,4294967295,4278190080,128.000000,1.000000,0.250000,1.000000,400,2,49152;;
backuphash=6550
textactive=1
